8, 4, 3, 8, 8, 5, 8, 8, 8, 8, 1, 8, 3, 8, 7, 8, 8, 8, 6, 8, 8, 8, 8, 8, 1, 8, 4, 3, 8, 8, 5, 8, 8, 8, 8, 1, 8, 3, 8, 7, 8, 8, 8, 6, 8, 8, 8, 8, 8, 1,
6, 8, 3, 7, 9, 10, 8, 8, 7, 8, 3, 8, 8, 8, 8, 8, 1, 8, 8, 8, 8, 8, 7, 8, 8, 6, 8, 3, 7, 9, 10, 8, 8, 7, 8, 3, 8, 8, 8, 8, 8, 1, 8, 8, 8, 8, 8, 7, 8, 8,
8, 1, 8, 8, 11, 12, 8, 8, 8, 8, 8, 8, 6, 8, 8, 5, 8, 8, 8, 8, 1, 8, 8, 8, 8, 8, 1, 8, 8, 11, 12, 8, 8, 8, 8, 8, 8, 6, 8, 8, 5, 8, 8, 8, 8, 1, 8, 8, 8, 8,
8, 8, 8, 3, 8, 8, 8, 2, 8, 3, 5, 8, 8, 8, 8, 3, 8, 8, 4, 6, 8, 8, 8, 8, 1, 8, 8, 8, 3, 8, 8, 8, 2, 8, 3, 5, 8, 8, 8, 8, 3, 8, 8, 4, 6, 8, 8, 8, 8, 1,
2, 8, 7, 8, 8, 8, 6, 8, 8, 4, 8, 8, 8, 7, 8, 8, 8, 8, 5, 8, 8, 1, 8, 8, 8, 2, 8, 7, 8, 8, 8, 6, 8, 8, 4, 8, 8, 8, 7, 8, 8, 8, 8, 5, 8, 8, 1, 8, 8, 8,
8, 2, 8, 8, 5, 8, 1, 8, 3, 5, 8, 8, 8, 8, 8, 6, 8, 8, 8, 8, 8, 4, 2, 8, 8, 8, 2, 8, 8, 5, 8, 1, 8, 3, 5, 8, 8, 8, 8, 8, 6, 8, 8, 8, 8, 8, 4, 2, 8, 8,
8, 6, 8, 8, 8, 8, 8, 8, 8, 8, 8, 6, 8, 2, 8, 8, 8, 8, 2, 8, 8, 8, 4, 5, 8, 8, 6, 8, 8, 8, 8, 8, 8, 8, 8, 8, 6, 8, 2, 8, 8, 8, 8, 2, 8, 8, 8, 4, 5, 8,
8, 8, 8, 2, 8, 7, 8, 2, 8, 8, 8, 8, 8, 1, 8, 2, 8, 5, 8, 8, 1, 8, 8, 8, 8, 8, 8, 8, 2, 8, 7, 8, 2, 8, 8, 8, 8, 8, 1, 8, 2, 8, 5, 8, 8, 1, 8, 8, 8, 8,
8, 2, 8, 8, 8, 8, 8, 8, 8, 4, 2, 8, 3, 8, 8, 8, 8, 8, 3, 8, 8, 8, 8, 8, 8, 8, 2, 8, 8, 8, 8, 8, 8, 8, 4, 2, 8, 3, 8, 8, 8, 8, 8, 3, 8, 8, 8, 8, 8, 8,
8, 8, 3, 8, 8, 5, 8, 6, 4, 2, 8, 9, 10, 5, 3, 8, 7, 8, 8, 8, 7, 8, 8, 1, 8, 8, 8, 3, 8, 8, 5, 8, 6, 4, 2, 8, 9, 10, 5, 3, 8, 7, 8, 8, 8, 7, 8, 8, 1, 8,
5, 8, 7, 8, 8, 8, 8, 8, 2, 8, 8, 11, 12, 8, 8, 8, 8, 8, 8, 8, 2, 2, 8, 8, 8, 5, 8, 7, 8, 8, 8, 8, 8, 2, 8, 8, 11, 12, 8, 8, 8, 8, 8, 8, 8, 2, 2, 8, 8, 8,
8, 8, 8, 8, 8, 8, 1, 8, 8, 8, 5, 8, 8, 8, 8, 8, 2, 8, 8, 8, 8, 8, 8, 8, 5, 8, 8, 8, 8, 8, 8, 1, 8, 8, 8, 5, 8, 8, 8, 8, 8, 2, 8, 8, 8, 8, 8, 8, 8, 5,
8, 8, 2, 8, 8, 5, 4, 7, 8, 2, 8, 8, 8, 6, 8, 1, 8, 8, 8, 3, 8, 8, 8, 8, 8, 8, 8, 2, 8, 8, 5, 4, 7, 8, 2, 8, 8, 8, 6, 8, 1, 8, 8, 8, 3, 8, 8, 8, 8, 8,
2, 8, 8, 7, 8, 8, 8, 8, 8, 8, 8, 5, 8, 8, 8, 8, 8, 8, 8, 2, 5, 8, 1, 8, 8, 2, 8, 8, 7, 8, 8, 8, 8, 8, 8, 8, 5, 8, 8, 8, 8, 8, 8, 8, 2, 5, 8, 1, 8, 8,
8, 8, 8, 8, 8, 8, 2, 8, 8, 1, 8, 8, 2, 3, 8, 8, 7, 8, 8, 8, 8, 8, 8, 8, 8, 8, 8, 8, 8, 8, 8, 2, 8, 8, 1, 8, 8, 2, 3, 8, 8, 7, 8, 8, 8, 8, 8, 8, 8, 8,
8, 7, 4, 7, 8, 6, 3, 1, 8, 8, 8, 8, 8, 8, 1, 8, 8, 2, 8, 8, 6, 8, 8, 2, 8, 8, 7, 4, 7, 8, 6, 3, 1, 8, 8, 8, 8, 8, 8, 1, 8, 8, 2, 8, 8, 6, 8, 8, 2, 8,
8, 8, 8, 3, 8, 8, 3, 8, 8, 5, 4, 5, 8, 8, 8, 8, 2, 8, 9, 10, 8, 8, 8, 8, 8, 8, 8, 8, 3, 8, 8, 3, 8, 8, 5, 4, 5, 8, 8, 8, 8, 2, 8, 9, 10, 8, 8, 8, 8, 8,
2, 8, 8, 8, 7, 8, 8, 7, 8, 8, 3, 4, 5, 8, 6, 8, 8, 8, 11, 12, 8, 1, 8, 2, 8, 2, 8, 8, 8, 7, 8, 8, 7, 8, 8, 3, 4, 5, 8, 6, 8, 8, 8, 11, 12, 8, 1, 8, 2, 8,
4, 3, 5, 8, 8, 1, 8, 8, 3, 2, 8, 8, 8, 8, 8, 8, 1, 8, 5, 8, 8, 8, 8, 8, 8, 4, 3, 5, 8, 8, 1, 8, 8, 3, 2, 8, 8, 8, 8, 8, 8, 1, 8, 5, 8, 8, 8, 8, 8, 8,
5, 8, 8, 8, 8, 8, 8, 2, 4, 3, 8, 4, 2, 8, 8, 3, 8, 8, 8, 8, 8, 3, 8, 8, 8, 5, 8, 8, 8, 8, 8, 8, 2, 4, 3, 8, 4, 2, 8, 8, 3, 8, 8, 8, 8, 8, 3, 8, 8, 8,
8, 4, 3, 8, 8, 5, 8, 8, 8, 8, 1, 8, 3, 8, 7, 8, 8, 8, 6, 8, 8, 8, 8, 8, 1, 8, 4, 3, 8, 8, 5, 8, 8, 8, 8, 1, 8, 3, 8, 7, 8, 8, 8, 6, 8, 8, 8, 8, 8, 1,
6, 8, 3, 7, 9, 10, 8, 8, 7, 8, 3, 8, 8, 8, 8, 8, 1, 8, 8, 8, 8, 8, 7, 8, 8, 6, 8, 3, 7, 9, 10, 8, 8, 7, 8, 3, 8, 8, 8, 8, 8, 1, 8, 8, 8, 8, 8, 7, 8, 8,
8, 1, 8, 8, 11, 12, 8, 8, 8, 8, 8, 8, 6, 8, 8, 5, 8, 8, 8, 8, 1, 8, 8, 8, 8, 8, 1, 8, 8, 11, 12, 8, 8, 8, 8, 8, 8, 6, 8, 8, 5, 8, 8, 8, 8, 1, 8, 8, 8, 8,
8, 8, 8, 3, 8, 8, 8, 2, 8, 3, 5, 8, 8, 8, 8, 3, 8, 8, 4, 6, 8, 8, 8, 8, 1, 8, 8, 8, 3, 8, 8, 8, 2, 8, 3, 5, 8, 8, 8, 8, 3, 8, 8, 4, 6, 8, 8, 8, 8, 1,
2, 8, 7, 8, 8, 8, 6, 8, 8, 4, 8, 8, 8, 7, 8, 8, 8, 8, 5, 8, 8, 1, 8, 8, 8, 2, 8, 7, 8, 8, 8, 6, 8, 8, 4, 8, 8, 8, 7, 8, 8, 8, 8, 5, 8, 8, 1, 8, 8, 8,
8, 2, 8, 8, 5, 8, 1, 8, 3, 5, 8, 8, 8, 8, 8, 6, 8, 8, 8, 8, 8, 4, 2, 8, 8, 8, 2, 8, 8, 5, 8, 1, 8, 3, 5, 8, 8, 8, 8, 8, 6, 8, 8, 8, 8, 8, 4, 2, 8, 8,
8, 6, 8, 8, 8, 8, 8, 8, 8, 8, 8, 6, 8, 2, 8, 8, 8, 8, 2, 8, 8, 8, 4, 5, 8, 8, 6, 8, 8, 8, 8, 8, 8, 8, 8, 8, 6, 8, 2, 8, 8, 8, 8, 2, 8, 8, 8, 4, 5, 8,
8, 8, 8, 2, 8, 7, 8, 2, 8, 8, 8, 8, 8, 1, 8, 2, 8, 5, 8, 8, 1, 8, 8, 8, 8, 8, 8, 8, 2, 8, 7, 8, 2, 8, 8, 8, 8, 8, 1, 8, 2, 8, 5, 8, 8, 1, 8, 8, 8, 8,
8, 2, 8, 8, 8, 8, 8, 8, 8, 4, 2, 8, 3, 8, 8, 8, 8, 8, 3, 8, 8, 8, 8, 8, 8, 8, 2, 8, 8, 8, 8, 8, 8, 8, 4, 2, 8, 3, 8, 8, 8, 8, 8, 3, 8, 8, 8, 8, 8, 8,
8, 8, 3, 8, 8, 5, 8, 6, 4, 2, 8, 9, 10, 5, 3, 8, 7, 8, 8, 8, 7, 8, 8, 1, 8, 8, 8, 3, 8, 8, 5, 8, 6, 4, 2, 8, 9, 10, 5, 3, 8, 7, 8, 8, 8, 7, 8, 8, 1, 8,
5, 8, 7, 8, 8, 8, 8, 8, 2, 8, 8, 11, 12, 8, 8, 8, 8, 8, 8, 8, 2, 2, 8, 8, 8, 5, 8, 7, 8, 8, 8, 8, 8, 2, 8, 8, 11, 12, 8, 8, 8, 8, 8, 8, 8, 2, 2, 8, 8, 8,
8, 8, 8, 8, 8, 8, 1, 8, 8, 8, 5, 8, 8, 8, 8, 8, 2, 8, 8, 8, 8, 8, 8, 8, 5, 8, 8, 8, 8, 8, 8, 1, 8, 8, 8, 5, 8, 8, 8, 8, 8, 2, 8, 8, 8, 8, 8, 8, 8, 5,
8, 8, 2, 8, 8, 5, 4, 7, 8, 2, 8, 8, 8, 6, 8, 1, 8, 8, 8, 3, 8, 8, 8, 8, 8, 8, 8, 2, 8, 8, 5, 4, 7, 8, 2, 8, 8, 8, 6, 8, 1, 8, 8, 8, 3, 8, 8, 8, 8, 8,
2, 8, 8, 7, 8, 8, 8, 8, 8, 8, 8, 5, 8, 8, 8, 8, 8, 8, 8, 2, 5, 8, 1, 8, 8, 2, 8, 8, 7, 8, 8, 8, 8, 8, 8, 8, 5, 8, 8, 8, 8, 8, 8, 8, 2, 5, 8, 1, 8, 8,
8, 8, 8, 8, 8, 8, 2, 8, 8, 1, 8, 8, 2, 3, 8, 8, 7, 8, 8, 8, 8, 8, 8, 8, 8, 8, 8, 8, 8, 8, 8, 2, 8, 8, 1, 8, 8, 2, 3, 8, 8, 7, 8, 8, 8, 8, 8, 8, 8, 8,
8, 7, 4, 7, 8, 6, 3, 1, 8, 8, 8, 8, 8, 8, 1, 8, 8, 2, 8, 8, 6, 8, 8, 2, 8, 8, 7, 4, 7, 8, 6, 3, 1, 8, 8, 8, 8, 8, 8, 1, 8, 8, 2, 8, 8, 6, 8, 8, 2, 8,
8, 8, 8, 3, 8, 8, 3, 8, 8, 5, 4, 5, 8, 8, 8, 8, 2, 8, 9, 10, 8, 8, 8, 8, 8, 8, 8, 8, 3, 8, 8, 3, 8, 8, 5, 4, 5, 8, 8, 8, 8, 2, 8, 9, 10, 8, 8, 8, 8, 8,
2, 8, 8, 8, 7, 8, 8, 7, 8, 8, 3, 4, 5, 8, 6, 8, 8, 8, 11, 12, 8, 1, 8, 2, 8, 2, 8, 8, 8, 7, 8, 8, 7, 8, 8, 3, 4, 5, 8, 6, 8, 8, 8, 11, 12, 8, 1, 8, 2, 8,
4, 3, 5, 8, 8, 1, 8, 8, 3, 2, 8, 8, 8, 8, 8, 8, 1, 8, 5, 8, 8, 8, 8, 8, 8, 4, 3, 5, 8, 8, 1, 8, 8, 3, 2, 8, 8, 8, 8, 8, 8, 1, 8, 5, 8, 8, 8, 8, 8, 8,
5, 8, 8, 8, 8, 8, 8, 2, 4, 3, 8, 4, 2, 8, 8, 3, 8, 8, 8, 8, 8, 3, 8, 8, 8, 5, 8, 8, 8, 8, 8, 8, 2, 4, 3, 8, 4, 2, 8, 8, 3, 8, 8, 8, 8, 8, 3, 8, 8, 8,

