7, 7, 1, 13, 3, 8, 13, 13, 5, 4, 13, 13, 8, 13, 4, 13, 13, 2, 13, 13, 13, 4, 13, 13, 13, 7, 7, 1, 13, 3, 8, 13, 13, 5, 4, 13, 13, 8, 13, 4, 13, 13, 2, 13, 13, 13, 4, 13, 13, 13,
3, 2, 7, 13, 13, 13, 4, 13, 8, 13, 4, 13, 1, 13, 13, 13, 13, 13, 13, 6, 8, 7, 1, 13, 4, 3, 2, 7, 13, 13, 13, 4, 13, 8, 13, 4, 13, 1, 13, 13, 13, 13, 13, 13, 6, 8, 7, 1, 13, 4,
3, 13, 9, 10, 13, 13, 13, 13, 13, 13, 13, 13, 13, 13, 4, 13, 6, 13, 8, 13, 8, 8, 13, 13, 13, 3, 13, 9, 10, 13, 13, 13, 13, 13, 13, 13, 13, 13, 13, 4, 13, 6, 13, 8, 13, 8, 8, 13, 13, 13,
13, 13, 11, 12, 13, 8, 5, 8, 13, 1, 13, 13, 8, 3, 13, 13, 13, 13, 13, 3, 7, 5, 4, 13, 13, 13, 13, 11, 12, 13, 8, 5, 8, 13, 1, 13, 13, 8, 3, 13, 13, 13, 13, 13, 3, 7, 5, 4, 13, 13,
13, 4, 13, 13, 13, 13, 13, 8, 13, 13, 13, 13, 5, 13, 13, 1, 13, 13, 3, 13, 8, 8, 8, 13, 2, 13, 4, 13, 13, 13, 13, 13, 8, 13, 13, 13, 13, 5, 13, 13, 1, 13, 13, 3, 13, 8, 8, 8, 13, 2,
13, 13, 8, 13, 4, 13, 5, 13, 8, 3, 13, 8, 13, 13, 3, 8, 3, 13, 13, 13, 13, 13, 8, 13, 13, 13, 13, 8, 13, 4, 13, 5, 13, 8, 3, 13, 8, 13, 13, 3, 8, 3, 13, 13, 13, 13, 13, 8, 13, 13,
13, 3, 2, 13, 13, 13, 8, 13, 13, 13, 13, 13, 13, 13, 5, 13, 13, 13, 13, 2, 13, 13, 8, 3, 13, 13, 3, 2, 13, 13, 13, 8, 13, 13, 13, 13, 13, 13, 13, 5, 13, 13, 13, 13, 2, 13, 13, 8, 3, 13,
13, 13, 13, 4, 13, 1, 13, 4, 13, 2, 13, 13, 6, 13, 13, 13, 5, 13, 13, 13, 3, 13, 13, 13, 13, 13, 13, 13, 4, 13, 1, 13, 4, 13, 2, 13, 13, 6, 13, 13, 13, 5, 13, 13, 13, 3, 13, 13, 13, 13,
4, 13, 13, 13, 3, 13, 13, 13, 13, 13, 8, 13, 13, 13, 3, 13, 13, 13, 13, 13, 13, 13, 9, 10, 13, 4, 13, 13, 13, 3, 13, 13, 13, 13, 13, 8, 13, 13, 13, 3, 13, 13, 13, 13, 13, 13, 13, 9, 10, 13,
13, 13, 13, 13, 13, 13, 13, 6, 4, 13, 13, 13, 13, 1, 13, 13, 3, 8, 13, 1, 13, 13, 11, 12, 13, 13, 13, 13, 13, 13, 13, 13, 6, 4, 13, 13, 13, 13, 1, 13, 13, 3, 8, 13, 1, 13, 13, 11, 12, 13,
13, 3, 2, 4, 13, 5, 3, 13, 13, 13, 13, 2, 13, 13, 13, 3, 13, 13, 4, 13, 13, 13, 13, 13, 3, 13, 3, 2, 4, 13, 5, 3, 13, 13, 13, 13, 2, 13, 13, 13, 3, 13, 13, 4, 13, 13, 13, 13, 13, 3,
13, 13, 13, 8, 13, 13, 13, 13, 1, 8, 13, 13, 4, 13, 13, 13, 6, 13, 13, 13, 8, 8, 13, 13, 13, 13, 13, 13, 8, 13, 13, 13, 13, 1, 8, 13, 13, 4, 13, 13, 13, 6, 13, 13, 13, 8, 8, 13, 13, 13,
13, 13, 3, 13, 13, 8, 13, 8, 4, 13, 13, 4, 13, 13, 13, 13, 13, 13, 13, 8, 6, 13, 5, 13, 3, 13, 13, 3, 13, 13, 8, 13, 8, 4, 13, 13, 4, 13, 13, 13, 13, 13, 13, 13, 8, 6, 13, 5, 13, 3,
13, 5, 13, 13, 3, 13, 3, 13, 13, 13, 9, 10, 13, 13, 13, 4, 13, 1, 13, 8, 8, 13, 13, 13, 13, 13, 5, 13, 13, 3, 13, 3, 13, 13, 13, 9, 10, 13, 13, 13, 4, 13, 1, 13, 8, 8, 13, 13, 13, 13,
4, 13, 13, 1, 13, 8, 13, 2, 13, 8, 11, 12, 13, 13, 2, 13, 13, 13, 8, 8, 6, 13, 1, 13, 13, 4, 13, 13, 1, 13, 8, 13, 2, 13, 8, 11, 12, 13, 13, 2, 13, 13, 13, 8, 8, 6, 13, 1, 13, 13,
13, 13, 8, 13, 3, 13, 13, 13, 8, 8, 13, 13, 13, 3, 13, 13, 3, 13, 8, 13, 13, 13, 8, 8, 13, 13, 13, 8, 13, 3, 13, 13, 13, 8, 8, 13, 13, 13, 3, 13, 13, 3, 13, 8, 13, 13, 13, 8, 8, 13,
13, 5, 13, 13, 13, 8, 4, 13, 5, 8, 13, 6, 13, 13, 13, 8, 13, 6, 13, 8, 8, 8, 8, 13, 13, 13, 5, 13, 13, 13, 8, 4, 13, 5, 8, 13, 6, 13, 13, 13, 8, 13, 6, 13, 8, 8, 8, 8, 13, 13,
13, 13, 13, 8, 13, 1, 13, 13, 13, 4, 13, 13, 13, 2, 13, 13, 13, 13, 13, 8, 8, 1, 13, 6, 13, 13, 13, 13, 8, 13, 1, 13, 13, 13, 4, 13, 13, 13, 2, 13, 13, 13, 13, 13, 8, 8, 1, 13, 6, 13,
13, 4, 2, 13, 13, 13, 4, 13, 2, 13, 8, 13, 4,13, 13, 13, 4, 13, 5, 13, 13, 13, 13, 13, 13, 13, 4, 2, 13, 13, 13, 4, 13, 2, 13, 8, 13, 4, 13, 13, 13, 4, 13, 5, 13, 13, 13, 13, 13, 13,
13, 13, 8, 13, 13, 4, 5, 13, 13, 13, 13, 13, 13, 13, 1, 13, 13, 13, 13, 3, 13, 4, 13, 3, 13, 13, 13, 8, 13, 13, 4, 5, 13, 13, 13, 13, 13, 13, 13, 1, 13, 13, 13, 13, 3, 13, 4, 13, 3, 13,
7, 7, 1, 13, 3, 8, 13, 13, 5, 4, 13, 13, 8, 13, 4, 13, 13, 2, 13, 13, 13, 4, 13, 13, 13, 7, 7, 1, 13, 3, 8, 13, 13, 5, 4, 13, 13, 8, 13, 4, 13, 13, 2, 13, 13, 13, 4, 13, 13, 13,
3, 2, 7, 13, 13, 13, 4, 13, 8, 13, 4, 13, 1, 13, 13, 13, 13, 13, 13, 6, 8, 7, 1, 13, 4, 3, 2, 7, 13, 13, 13, 4, 13, 8, 13, 4, 13, 1, 13, 13, 13, 13, 13, 13, 6, 8, 7, 1, 13, 4,
3, 13, 9, 10, 13, 13, 13, 13, 13, 13, 13, 13, 13, 13, 4, 13, 6, 13, 8, 13, 8, 8, 13, 13, 13, 3, 13, 9, 10, 13, 13, 13, 13, 13, 13, 13, 13, 13, 13, 4, 13, 6, 13, 8, 13, 8, 8, 13, 13, 13,
13, 13, 11, 12, 13, 8, 5, 8, 13, 1, 13, 13, 8, 3, 13, 13, 13, 13, 13, 3, 7, 5, 4, 13, 13, 13, 13, 11, 12, 13, 8, 5, 8, 13, 1, 13, 13, 8, 3, 13, 13, 13, 13, 13, 3, 7, 5, 4, 13, 13,
13, 4, 13, 13, 13, 13, 13, 8, 13, 13, 13, 13, 5, 13, 13, 1, 13, 13, 3, 13, 8, 8, 8, 13, 2, 13, 4, 13, 13, 13, 13, 13, 8, 13, 13, 13, 13, 5, 13, 13, 1, 13, 13, 3, 13, 8, 8, 8, 13, 2,
13, 13, 8, 13, 4, 13, 5, 13, 8, 3, 13, 8, 13, 13, 3, 8, 3, 13, 13, 13, 13, 13, 8, 13, 13, 13, 13, 8, 13, 4, 13, 5, 13, 8, 3, 13, 8, 13, 13, 3, 8, 3, 13, 13, 13, 13, 13, 8, 13, 13,
13, 3, 2, 13, 13, 13, 8, 13, 13, 13, 13, 13, 13, 13, 5, 13, 13, 13, 13, 2, 13, 13, 8, 3, 13, 13, 3, 2, 13, 13, 13, 8, 13, 13, 13, 13, 13, 13, 13, 5, 13, 13, 13, 13, 2, 13, 13, 8, 3, 13,
13, 13, 13, 4, 13, 1, 13, 4, 13, 2, 13, 13, 6, 13, 13, 13, 5, 13, 13, 13, 3, 13, 13, 13, 13, 13, 13, 13, 4, 13, 1, 13, 4, 13, 2, 13, 13, 6, 13, 13, 13, 5, 13, 13, 13, 3, 13, 13, 13, 13,
4, 13, 13, 13, 3, 13, 13, 13, 13, 13, 8, 13, 13, 13, 3, 13, 13, 13, 13, 13, 13, 13, 9, 10, 13, 4, 13, 13, 13, 3, 13, 13, 13, 13, 13, 8, 13, 13, 13, 3, 13, 13, 13, 13, 13, 13, 13, 9, 10, 13,
13, 13, 13, 13, 13, 13, 13, 6, 4, 13, 13, 13, 13, 1, 13, 13, 3, 8, 13, 1, 13, 13, 11, 12, 13, 13, 13, 13, 13, 13, 13, 13, 6, 4, 13, 13, 13, 13, 1, 13, 13, 3, 8, 13, 1, 13, 13, 11, 12, 13,
13, 3, 2, 4, 13, 5, 3, 13, 13, 13, 13, 2, 13, 13, 13, 3, 13, 13, 4, 13, 13, 13, 13, 13, 3, 13, 3, 2, 4, 13, 5, 3, 13, 13, 13, 13, 2, 13, 13, 13, 3, 13, 13, 4, 13, 13, 13, 13, 13, 3,
13, 13, 13, 8, 13, 13, 13, 13, 1, 8, 13, 13, 4, 13, 13, 13, 6, 13, 13, 13, 8, 8, 13, 13, 13, 13, 13, 13, 8, 13, 13, 13, 13, 1, 8, 13, 13, 4, 13, 13, 13, 6, 13, 13, 13, 8, 8, 13, 13, 13,
13, 13, 3, 13, 13, 8, 13, 8, 4, 13, 13, 4, 13, 13, 13, 13, 13, 13, 13, 8, 6, 13, 5, 13, 3, 13, 13, 3, 13, 13, 8, 13, 8, 4, 13, 13, 4, 13, 13, 13, 13, 13, 13, 13, 8, 6, 13, 5, 13, 3,
13, 5, 13, 13, 3, 13, 3, 13, 13, 13, 9, 10, 13, 13, 13, 4, 13, 1, 13, 8, 8, 13, 13, 13, 13, 13, 5, 13, 13, 3, 13, 3, 13, 13, 13, 9, 10, 13, 13, 13, 4, 13, 1, 13, 8, 8, 13, 13, 13, 13,
4, 13, 13, 1, 13, 8, 13, 2, 13, 8, 11, 12, 13, 13, 2, 13, 13, 13, 8, 8, 6, 13, 1, 13, 13, 4, 13, 13, 1, 13, 8, 13, 2, 13, 8, 11, 12, 13, 13, 2, 13, 13, 13, 8, 8, 6, 13, 1, 13, 13,
13, 13, 8, 13, 3, 13, 13, 13, 8, 8, 13, 13, 13, 3, 13, 13, 3, 13, 8, 13, 13, 13, 8, 8, 13, 13, 13, 8, 13, 3, 13, 13, 13, 8, 8, 13, 13, 13, 3, 13, 13, 3, 13, 8, 13, 13, 13, 8, 8, 13,
13, 5, 13, 13, 13, 8, 4, 13, 5, 8, 13, 6, 13, 13, 13, 8, 13, 6, 13, 8, 8, 8, 8, 13, 13, 13, 5, 13, 13, 13, 8, 4, 13, 5, 8, 13, 6, 13, 13, 13, 8, 13, 6, 13, 8, 8, 8, 8, 13, 13,
13, 13, 13, 8, 13, 1, 13, 13, 13, 4, 13, 13, 13, 2, 13, 13, 13, 13, 13, 8, 8, 1, 13, 6, 13, 13, 13, 13, 8, 13, 1, 13, 13, 13, 4, 13, 13, 13, 2, 13, 13, 13, 13, 13, 8, 8, 1, 13, 6, 13,
13, 4, 2, 13, 13, 13, 4, 13, 2, 13, 8, 13, 4,13, 13, 13, 4, 13, 5, 13, 13, 13, 13, 13, 13, 13, 4, 2, 13, 13, 13, 4, 13, 2, 13, 8, 13, 4, 13, 13, 13, 4, 13, 5, 13, 13, 13, 13, 13, 13,
13, 13, 8, 13, 13, 4, 5, 13, 13, 13, 13, 13, 13, 13, 1, 13, 13, 13, 13, 3, 13, 4, 13, 3, 13, 13, 13, 8, 13, 13, 4, 5, 13, 13, 13, 13, 13, 13, 13, 1, 13, 13, 13, 13, 3, 13, 4, 13, 3, 13,



